Vs = 50;
D = 0.4;
L = 400*10^-6;
C = 100*10^-6;
f = 20*10^3;
R = 20;